    0.0000000000e+00     1.0000000000e+00     1.0000000000e+00     5.0000000000e-01     0.0000000000e+00     0.0000000000e+00     0.0000000000e+00    -2.2484509537e-01     9.0238158548e-01    -3.6763046292e-01    -3.5017548837e-01    -4.2691762128e-01    -8.3373765177e-01    -9.0929742683e-01    -5.8726644928e-02     4.1198224567e-01     1.0000000000e+00     0.0000000000e+00     1.0000000000e+00     0.0000000000e+00     0.0000000000e+00     0.0000000000e+00     1.0000000000e+00     1.0000000000e+00     5.0000000000e-01     0.0000000000e+00     0.0000000000e+00     0.0000000000e+00     1.0000000000e+00     0.0000000000e+00     0.0000000000e+00     0.0000000000e+00     1.0000000000e+00     0.0000000000e+00    -0.0000000000e+00     0.0000000000e+00     1.0000000000e+00     0.0000000000e+00    -1.0000000000e+00     0.0000000000e+00     1.0000000000e+00     1.0000000000e+00     1.0000000000e+00 
    5.9897300552e-04     1.0001996377e+00     9.9980032240e-01     5.0000000000e-01     5.9903279632e-04     5.9891320676e-04     2.9948650276e-04    -2.2528490668e-01     9.0247398522e-01    -3.6713405838e-01    -3.4969817088e-01    -4.2661193867e-01    -8.3409438499e-01    -9.0937225607e-01    -5.9522766996e-02     4.1170273269e-01     1.0000059897e+00     0.0000000000e+00     1.0000000000e+00     5.9897479936e-04     0.0000000000e+00     5.9897300552e-04     1.0001996377e+00     9.9980032240e-01     5.0000000000e-01     5.9903279632e-04     5.9891320676e-04     2.9948650276e-04     9.9999977581e-01    -2.9930709009e-04     5.9900282432e-04     2.9966585872e-04     9.9999977573e-01    -5.9894302953e-04    -5.9882342209e-04     5.9912239595e-04     9.9999964123e-01     5.9897300552e-06    -1.0000000000e+00     0.0000000000e+00     1.0000000018e+00     9.9940102699e-01     1.0000000000e+00 
    1.1979460110e-03     1.0003992356e+00     9.9960060495e-01     5.0000000000e-01     1.1981851583e-03     1.1977068001e-03     5.9897300552e-04    -2.2572479684e-01     9.0256582374e-01    -3.6663776388e-01    -3.4922083171e-01    -4.2630574445e-01    -8.3445085113e-01    -9.0944660470e-01    -6.0318704004e-02     4.1142256520e-01     1.0000119795e+00     0.0000000000e+00     1.0000000000e+00     1.1979531864e-03     0.0000000000e+00     1.1979460110e-03     1.0003992356e+00     9.9960060495e-01     5.0000000000e-01     1.1981851583e-03     1.1977068001e-03     5.9897300552e-04     9.9999910337e-01    -5.9825524165e-04     1.1980649719e-03     5.9969031572e-04     9.9999910279e-01    -1.1978257926e-03    -1.1973472914e-03     1.1985431866e-03     9.9999856493e-01     1.1979460110e-05    -1.0000000000e+00     0.0000000000e+00     1.0000000072e+00     9.9880205399e-01     1.0000000000e+00 
    1.7969190166e-03     1.0005987936e+00     9.9940084765e-01     5.0000000000e-01     1.7974570621e-03     1.7963807561e-03     8.9845950828e-04    -2.2616476552e-01     9.0265710121e-01    -3.6614157981e-01    -3.4874347116e-01    -4.2599903873e-01    -8.3480704975e-01    -9.0952047264e-01    -6.1114455184e-02     4.1114174345e-01     1.0000179692e+00     0.0000000000e+00     1.0000000000e+00     1.7969351611e-03     0.0000000000e+00     1.7969190166e-03     1.0005987936e+00     9.9940084765e-01     5.0000000000e-01     1.7974570621e-03     1.7963807561e-03     8.9845950828e-04     9.9999798289e-01    -8.9684428521e-04     1.7971859714e-03     9.0007320024e-04     9.9999798096e-01    -1.7966478176e-03    -1.7955710295e-03     1.7982617925e-03     9.9999677108e-01     1.7969190166e-05    -1.0000000000e+00     0.0000000000e+00     1.0000000161e+00     9.9820308098e-01     1.0000000000e+00 
    2.3958920221e-03     1.0007983117e+00     9.9920105051e-01     5.0000000000e-01     2.3968484838e-03     2.3949350510e-03     1.1979460110e-03    -2.2660481242e-01     9.0274781777e-01    -3.6564550661e-01    -3.4826608956e-01    -4.2569182159e-01    -8.3516298044e-01    -9.0959385984e-01    -6.1910019765e-02     4.1086026773e-01     1.0000239589e+00     0.0000000000e+00     1.0000000000e+00     2.3959207236e-03     0.0000000000e+00     2.3958920221e-03     1.0007983117e+00     9.9920105051e-01     5.0000000000e-01     2.3968484838e-03     2.3949350510e-03     1.1979460110e-03     9.9999641461e-01    -1.1950740517e-03     2.3963653515e-03     1.2008143411e-03     9.9999641002e-01    -2.3954086325e-03    -2.3934940579e-03     2.3982776339e-03     9.9999425971e-01     2.3958920221e-05    -1.0000000000e+00     0.0000000000e+00     1.0000000287e+00     9.9760410798e-01     1.0000000000e+00 
    4.6602004153e-03     1.0015521930e+00     9.9844539396e-01     5.0000000000e-01     4.6638181184e-03     4.6565789639e-03     2.3301002077e-03    -2.2826903063e-01     9.0308568968e-01    -3.6377120109e-01    -3.4646125059e-01    -4.2452582376e-01    -8.3650608294e-01    -9.0986694164e-01    -6.4915807413e-02     4.0979029571e-01     1.0000466020e+00     0.0000000000e+00     1.0000000000e+00     4.6603090027e-03     0.0000000000e+00     4.6602004153e-03     1.0015521930e+00     9.9844539396e-01     5.0000000000e-01     4.6638181184e-03     4.6565789639e-03     2.3301002077e-03     9.9998644350e-01    -2.3192281860e-03     4.6619732072e-03     2.3409455218e-03     9.9998640977e-01    -4.6583535923e-03    -4.6511060650e-03     4.6692038667e-03     9.9997828264e-01     4.6602004153e-05    -1.0000000000e+00     0.0000000000e+00     1.0000001086e+00     9.9533979958e-01     1.0000000000e+00 
    6.9245088086e-03     1.0023055037e+00     9.9768916862e-01     5.0000000000e-01     6.9324941269e-03     6.9165111932e-03     3.4622544043e-03    -2.2993434457e-01     9.0341555611e-01    -3.6189850810e-01    -3.4465613232e-01    -4.2335252364e-01    -8.3784532652e-01    -9.1013314830e-01    -6.7918875912e-02     4.0871099649e-01     1.0000692451e+00     0.0000000000e+00     1.0000000000e+00     6.9247485527e-03     0.0000000000e+00     6.9245088086e-03     1.0023055037e+00     9.9768916862e-01     5.0000000000e-01     6.9324941269e-03     6.9165111932e-03     3.4622544043e-03     9.9997008757e-01    -3.4382365069e-03     6.9283832008e-03     3.4861846851e-03     9.9996997690e-01    -6.9203915504e-03    -6.9043812464e-03     6.9443381681e-03     9.9995205169e-01     6.9245088086e-05    -1.0000000000e+00     0.0000000000e+00     1.0000002397e+00     9.9307549119e-01     1.0000000000e+00 
    9.1888172019e-03     1.0030582435e+00     9.9693237493e-01     5.0000000000e-01     9.2028752169e-03     9.1747304517e-03     4.5944086009e-03    -2.3160073692e-01     9.0373742534e-01    -3.6002744993e-01    -3.4285075184e-01    -4.2217192637e-01    -8.3918068766e-01    -9.1039247614e-01    -7.0919183777e-02     4.0762238500e-01     1.0000918882e+00     0.0000000000e+00     1.0000000000e+00     9.1892393737e-03     0.0000000000e+00     9.1888172019e-03     1.0030582435e+00     9.9693237493e-01     5.0000000000e-01     9.2028752169e-03     9.1747304517e-03     4.5944086009e-03     9.9994735860e-01    -4.5520900495e-03     9.1955699207e-03     4.6365224142e-03     9.9994709999e-01    -9.1814969688e-03    -9.1532884739e-03     9.2236491079e-03     9.9991556724e-01     9.1888172019e-05    -1.0000000000e+00     0.0000000000e+00     1.0000004222e+00     9.9081118280e-01     1.0000000000e+00 
    1.1453125595e-02     1.0038104118e+00     9.9617501330e-01     5.0000000000e-01     1.1474960095e-02     1.1431235453e-02     5.7265627976e-03    -2.3326819036e-01     9.0405130577e-01    -3.5815804878e-01    -3.4104512629e-01    -4.2098403716e-01    -8.4051214286e-01    -9.1064492158e-01    -7.3916689559e-02     4.0652447627e-01     1.0001145313e+00     0.0000000000e+00     1.0000000000e+00     1.1453781466e-02     0.0000000000e+00     1.1453125595e-02     1.0038104118e+00     9.9617501330e-01     5.0000000000e-01     1.1474960095e-02     1.1431235453e-02     5.7265627976e-03     9.9991826844e-01    -5.6607799377e-03     1.1463507981e-02     5.7919492043e-03     9.9991776767e-01    -1.1441644286e-02    -1.1397796680e-02     1.1507105199e-02     9.9986882978e-01     1.1453125595e-04    -1.0000000000e+00     0.0000000000e+00     1.0000006559e+00     9.8854687440e-01     1.0000000000e+00 
    1.3717456839e-02     1.0045620159e+00     9.9541707653e-01     5.0000000000e-01     1.3748770422e-02     1.3686047657e-02     6.8587284197e-03    -2.3493670443e-01     9.0435720894e-01    -3.5629030797e-01    -3.3923925459e-01    -4.1978884925e-01    -8.4183968200e-01    -9.1089048357e-01    -7.6911382055e-02     4.0541727424e-01     1.0001371746e+00     0.0000000000e+00     1.0000000000e+00     1.3718397682e-02     0.0000000000e+00     1.3717456839e-02     1.0045620159e+00     9.9541707653e-01     5.0000000000e-01     1.3748770422e-02     1.3686047657e-02     6.8587284197e-03     9.9988282861e-01    -6.7643084943e-03     1.3732194922e-02     6.9524671993e-03     9.9988196825e-01    -1.3700830712e-02    -1.3637897441e-02     1.3794698001e-02     9.9981183933e-01     1.3717456839e-04    -1.0000000000e+00     0.0000000000e+00     1.0000009408e+00     9.8628254316e-01     1.0000000000e+00 
    1.5981788084e-02     1.0053130477e+00     9.9465857267e-01     5.0000000000e-01     1.6024281982e-02     1.5939142999e-02     7.9908940418e-03    -2.3660624502e-01     9.0465514022e-01    -3.5442426848e-01    -3.3743317213e-01    -4.1858638004e-01    -8.4316326817e-01    -9.1112915614e-01    -7.9903189630e-02     4.0430080525e-01     1.0001598179e+00     0.0000000000e+00     1.0000000000e+00     1.5983065171e-02     0.0000000000e+00     1.5981788084e-02     1.0053130477e+00     9.9465857267e-01     5.0000000000e-01     1.6024281982e-02     1.5939142999e-02     7.9908940418e-03     9.9984105137e-01    -7.8626558048e-03     1.6001582524e-02     8.1180550830e-03     9.9983969078e-01    -1.5959007823e-02    -1.5873537137e-02     1.6086372889e-02     9.9974459710e-01     1.5981788084e-04    -1.0000000000e+00     0.0000000000e+00     1.0000012771e+00     9.8401821192e-01     1.0000000000e+00 
    1.8246119328e-02     1.0060635067e+00     9.9389950217e-01     5.0000000000e-01     1.8301493478e-02     1.8190520196e-02     9.1230596638e-03    -2.3827679485e-01     9.0494510831e-01    -3.5255995233e-01    -3.3562689613e-01    -4.1737663509e-01    -8.4448287790e-01    -9.1136093598e-01    -8.2892070952e-02     4.0317508472e-01     1.0001824612e+00     0.0000000000e+00     1.0000000000e+00     1.8247783932e-02     0.0000000000e+00     1.8246119328e-02     1.0060635067e+00     9.9389950217e-01     5.0000000000e-01     1.8301493478e-02     1.8190520196e-02     9.1230596638e-03     9.9979294876e-01    -8.9558132579e-03     1.8271645482e-02     9.2887030852e-03     9.9979092408e-01    -1.8216149990e-02    -1.8104684883e-02     1.8382098204e-02     9.9966710402e-01     1.8246119328e-04    -1.0000000000e+00     0.0000000000e+00     1.0000016646e+00     9.8175388067e-01     1.0000000000e+00 
    2.0510450572e-02     1.0068133927e+00     9.9313986546e-01     5.0000000000e-01     2.0580403613e-02     2.0440177965e-02     1.0255225286e-02    -2.3994833663e-01     9.0522712198e-01    -3.5069738150e-01    -3.3382044380e-01    -4.1615962007e-01    -8.4579848777e-01    -9.1158581990e-01    -8.5877984730e-02     4.0204012821e-01     1.0002051045e+00     0.0000000000e+00     1.0000000000e+00     2.0512553965e-02     0.0000000000e+00     2.0510450572e-02     1.0068133927e+00     9.9313986546e-01     5.0000000000e-01     2.0580403613e-02     2.0440177965e-02     1.0255225286e-02     9.9973853289e-01    -1.0043772331e-02     2.0542358516e-02     1.0464401348e-02     9.9973565708e-01    -2.0472231560e-02    -2.0331309856e-02     2.0681842229e-02     9.9957936115e-01     2.0510450572e-04    -1.0000000000e+00     0.0000000000e+00     1.0000021034e+00     9.7948954943e-01     1.0000000000e+00 
    2.2776411352e-02     1.0075632440e+00     9.9237911568e-01     5.0000000000e-01     2.2862652949e-02     2.2689732141e-02     1.1388205676e-02    -2.4162205707e-01     9.0550138447e-01    -3.4883523941e-01    -3.3201253222e-01    -4.1493445709e-01    -8.4711101679e-01    -9.1180395919e-01    -8.8863035281e-02     4.0089512466e-01     1.0002277641e+00     0.0000000000e+00     1.0000000000e+00     2.2779005176e-02     0.0000000000e+00     2.2776411352e-02     1.0075632440e+00     9.9237911568e-01     5.0000000000e-01     2.2862652949e-02     2.2689732141e-02     1.1388205676e-02     9.9967776999e-01    -1.1127301920e-02     2.2815331171e-02     1.1645991461e-02     9.9967383195e-01    -2.2728849278e-02    -2.2554978771e-02     2.2987232513e-02     9.9948129551e-01     2.2776411352e-04    -1.0000000000e+00     0.0000000000e+00     1.0000025938e+00     9.7722358865e-01     1.0000000000e+00 
    2.5042372132e-02     1.0083125206e+00     9.9161779974e-01     5.0000000000e-01     2.5146600767e-02     2.4937561847e-02     1.2521186066e-02    -2.4329673631e-01     9.0576769897e-01    -3.4697488900e-01    -3.3020447864e-01    -4.1370202526e-01    -8.4841949328e-01    -9.1201518649e-01    -9.1845031408e-02     3.9974090336e-01     1.0002504237e+00     0.0000000000e+00     1.0000000000e+00     2.5045507734e-02     0.0000000000e+00     2.5042372132e-02     1.0083125206e+00     9.9161779974e-01     5.0000000000e-01     2.5146600767e-02     2.4937561847e-02     1.2521186066e-02     9.9961070922e-01    -1.2205608835e-02     2.5088904272e-02     1.2832619090e-02     9.9960547516e-01    -2.4984353409e-02    -2.4774056831e-02     2.5296583582e-02     9.9937296790e-01     2.5042372132e-04    -1.0000000000e+00     0.0000000000e+00     1.0000031356e+00     9.7495762787e-01     1.0000000000e+00 
    2.7308332911e-02     1.0090612219e+00     9.9085591808e-01     5.0000000000e-01     2.7432245765e-02     2.7183665799e-02     1.3654166456e-02    -2.4497235705e-01     9.0602607456e-01    -3.4511635211e-01    -3.2839630042e-01    -4.1246233060e-01    -8.4972389381e-01    -9.1221949889e-01    -9.4823931855e-02     3.9857748029e-01     1.0002730833e+00     0.0000000000e+00     1.0000000000e+00     2.7312061637e-02     0.0000000000e+00     2.7308332911e-02     1.0090612219e+00     9.9085591808e-01     5.0000000000e-01     2.7432245765e-02     2.7183665799e-02     1.3654166456e-02     9.9953736293e-01    -1.3278684800e-02     2.7363052569e-02     1.4024274090e-02     9.9953057580e-01    -2.7238718180e-02    -2.6988513337e-02     2.7609863488e-02     9.9925437982e-01     2.7308332911e-04    -1.0000000000e+00     0.0000000000e+00     1.0000037287e+00     9.7269166709e-01     1.0000000000e+00 
    2.9574293691e-02     1.0098093476e+00     9.9009347112e-01     5.0000000000e-01     2.9719586639e-02     2.9428042718e-02     1.4787146846e-02    -2.4664890201e-01     9.0627652042e-01    -3.4325965052e-01    -3.2658801491e-01    -4.1121537923e-01    -8.5102419496e-01    -9.1241689356e-01    -9.7799695410e-02     3.9740487154e-01     1.0002957429e+00     0.0000000000e+00     1.0000000000e+00     2.9578666885e-02     0.0000000000e+00     2.9574293691e-02     1.0098093476e+00     9.9009347112e-01     5.0000000000e-01     2.9719586639e-02     2.9428042718e-02     1.4787146846e-02     9.9945774350e-01    -1.4346521628e-02     2.9637750841e-02     1.5220946229e-02     9.9944912306e-01    -2.9491917799e-02    -2.9198317651e-02     2.9927040227e-02     9.9912553291e-01     2.9574293691e-04    -1.0000000000e+00     0.0000000000e+00     1.0000043732e+00     9.7042570631e-01     1.0000000000e+00 
    3.1841991160e-02     1.0105574698e+00     9.8932987430e-01     5.0000000000e-01     3.2010377107e-02     3.1672409479e-02     1.5920995580e-02    -2.4832763992e-01     9.0651922866e-01    -3.4140338504e-01    -3.2477825348e-01    -4.0996021336e-01    -8.5232136517e-01    -9.1260751110e-01    -1.0077455794e-01     3.9622218408e-01     1.0003184199e+00     0.0000000000e+00     1.0000000000e+00     3.1847060722e-02     0.0000000000e+00     3.1841991160e-02     1.0105574698e+00     9.8932987430e-01     5.0000000000e-01     3.2010377107e-02     3.1672409479e-02     1.5920995580e-02     9.9937179520e-01    -1.5409923604e-02     3.1914717879e-02     1.6423548099e-02     9.9936103619e-01    -3.1745651986e-02    -3.1405127457e-02     3.2249862119e-02     9.9898631841e-01     3.1841991160e-04    -1.0000000000e+00     0.0000000000e+00     1.0000050696e+00     9.6815800884e-01     1.0000000000e+00 
    3.4109688628e-02     1.0113050147e+00     9.8856571219e-01     5.0000000000e-01     3.4302863434e-02     3.3915043993e-02     1.7054844314e-02    -2.5000726888e-01     9.0675401369e-01    -3.3954900112e-01    -3.2296841946e-01    -4.0869779227e-01    -8.5361438286e-01    -9.1279119493e-01    -1.0374619631e-01     3.9503032949e-01     1.0003410969e+00     0.0000000000e+00     1.0000000000e+00     3.4115505982e-02     0.0000000000e+00     3.4109688628e-02     1.0113050147e+00     9.8856571219e-01     5.0000000000e-01     3.4302863434e-02     3.3915043993e-02     1.7054844314e-02     9.9927958920e-01    -1.6468062273e-02     3.4192185286e-02     1.7631154032e-02     9.9926636440e-01    -3.3998167489e-02    -3.3607216742e-02     3.4576522527e-02     9.9883683306e-01     3.4109688628e-04    -1.0000000000e+00     0.0000000000e+00     1.0000058174e+00     9.6589031137e-01     1.0000000000e+00 
    3.6377386096e-02     1.0120519817e+00     9.8780098523e-01     5.0000000000e-01     3.6597044313e-02     3.6155944978e-02     1.8188693048e-02    -2.5168777161e-01     9.0698088499e-01    -3.3769652039e-01    -3.2115853032e-01    -4.0742812243e-01    -8.5490322461e-01    -9.1296794250e-01    -1.0671456936e-01     3.9382932428e-01     1.0003637739e+00     0.0000000000e+00     1.0000000000e+00     3.6384002667e-02     0.0000000000e+00     3.6377386096e-02     1.0120519817e+00     9.8780098523e-01     5.0000000000e-01     3.6597044313e-02     3.6155944978e-02     1.8188693048e-02     9.9918113813e-01    -1.7520929697e-02     3.6470127871e-02     1.8843753506e-02     9.9916509705e-01    -3.6249438396e-02    -3.5804554992e-02     3.6906989213e-02     9.9867707893e-01     3.6377386096e-04    -1.0000000000e+00     0.0000000000e+00     1.0000066166e+00     9.6362261390e-01     1.0000000000e+00 
    3.8645083565e-02     1.0127983704e+00     9.8703569386e-01     5.0000000000e-01     3.8892918431e-02     3.8395111153e-02     1.9322541782e-02    -2.5336913082e-01     9.0719985214e-01    -3.3584596443e-01    -3.1934860356e-01    -4.0615121044e-01    -8.5618786704e-01    -9.1313775136e-01    -1.0967963594e-01     3.9261918510e-01     1.0003864508e+00     0.0000000000e+00     1.0000000000e+00     3.8652550777e-02     0.0000000000e+00     3.8645083565e-02     1.0127983704e+00     9.8703569386e-01     5.0000000000e-01     3.8892918431e-02     3.8395111153e-02     1.9322541782e-02     9.9907645468e-01    -1.8568518026e-02     3.8748520475e-02     2.0061335910e-02     9.9905722359e-01    -3.8499438777e-02    -3.7997111761e-02     3.9241229886e-02     9.9850705825e-01     3.8645083565e-04    -1.0000000000e+00     0.0000000000e+00     1.0000074672e+00     9.6135491644e-01     1.0000000000e+00 
    4.0914627779e-02     1.0135447875e+00     9.8626921459e-01     5.0000000000e-01     4.1192356235e-02     4.0634362629e-02     2.0457313889e-02    -2.5505269954e-01     9.0741109348e-01    -3.3399585010e-01    -3.1753718271e-01    -4.0486601427e-01    -8.5746932778e-01    -9.1330074896e-01    -1.1264376554e-01     3.9139893207e-01     1.0004091463e+00     0.0000000000e+00     1.0000000000e+00     4.0922997813e-02     0.0000000000e+00     4.0914627779e-02     1.0135447875e+00     9.8626921459e-01     5.0000000000e-01     4.1192356235e-02     4.0634362629e-02     2.0457313889e-02     9.9896545876e-01    -1.9611666165e-02     4.1029193938e-02     2.1284888184e-02     9.9894263759e-01    -4.0749973426e-02    -4.0186636335e-02     4.1581117703e-02     9.9832662236e-01     4.0914627779e-04    -1.0000000000e+00     0.0000000000e+00     1.0000083700e+00     9.5908537222e-01     1.0000000000e+00 
    4.3184171993e-02     1.0142906246e+00     9.8550217086e-01     5.0000000000e-01     4.3493487409e-02     4.2871873905e-02     2.1592085997e-02    -2.5673709155e-01     9.0761443727e-01    -3.3214770671e-01    -3.1572575931e-01    -4.0357357767e-01    -8.5874653555e-01    -9.1345679194e-01    -1.1560450101e-01     3.9016956392e-01     1.0004318417e+00     0.0000000000e+00     1.0000000000e+00     4.3193496357e-02     0.0000000000e+00     4.3184171993e-02     1.0142906246e+00     9.8550217086e-01     5.0000000000e-01     4.3493487409e-02     4.2871873905e-02     2.1592085997e-02     9.9884824593e-01    -2.0649511145e-02     4.3310267824e-02     2.2513409979e-02     9.9882141376e-01    -4.2999183454e-02    -4.2371310821e-02     4.3924720786e-02     9.9813590804e-01     4.3184171993e-04    -1.0000000000e+00     0.0000000000e+00     1.0000093244e+00     9.5681582801e-01     1.0000000000e+00 
    4.5453716207e-02     1.0150358812e+00     9.8473456312e-01     5.0000000000e-01     4.5796310633e-02     4.5107643702e-02     2.2726858104e-02    -2.5842228958e-01     9.0780989340e-01    -3.3030155571e-01    -3.1391435095e-01    -4.0227390760e-01    -8.6001946695e-01    -9.1360587811e-01    -1.1856180125e-01     3.8893109771e-01     1.0004545372e+00     0.0000000000e+00     1.0000000000e+00     4.5464046409e-02     0.0000000000e+00     4.5453716207e-02     1.0150358812e+00     9.8473456312e-01     5.0000000000e-01     4.5796310633e-02     4.5107643702e-02     2.2726858104e-02     9.9872482909e-01    -2.1682045366e-02     4.5591717007e-02     2.3746890394e-02     9.9869354174e-01    -4.5247042814e-02    -4.4551104897e-02     4.6272006608e-02     9.9793491795e-01     4.5453716207e-04    -1.0000000000e+00     0.0000000000e+00     1.0000103302e+00     9.5454628379e-01     1.0000000000e+00 
    4.7723260421e-02     1.0157805569e+00     9.8396639180e-01     5.0000000000e-01     4.8100824592e-02     4.7341670739e-02     2.3861630211e-02    -2.6010827635e-01     9.0799747182e-01    -3.2845741846e-01    -3.1210297526e-01    -4.0096701111e-01    -8.6128809863e-01    -9.1374800542e-01    -1.2151562522e-01     3.8768355062e-01     1.0004772326e+00     0.0000000000e+00     1.0000000000e+00     4.7734647969e-02     0.0000000000e+00     4.7723260421e-02     1.0157805569e+00     9.8396639180e-01     5.0000000000e-01     4.8100824592e-02     4.7341670739e-02     2.3861630211e-02     9.9859522124e-01    -2.2709261317e-02     4.7873516391e-02     2.4985318440e-02     9.9855901123e-01    -4.7493525437e-02    -4.6725988311e-02     4.8622942593e-02     9.9772365486e-01     4.7723260421e-04    -1.0000000000e+00     0.0000000000e+00     1.0000113875e+00     9.5227673958e-01     1.0000000000e+00 
    4.9994762942e-02     1.0165252930e+00     9.8319699379e-01     5.0000000000e-01     5.0409018632e-02     4.9575879140e-02     2.4997381471e-02    -2.6179649037e-01     9.0817733429e-01    -3.2661372768e-01    -3.1029008700e-01    -3.9965175833e-01    -8.6255349630e-01    -9.1388328551e-01    -1.2446847611e-01     3.8642585177e-01     1.0004999476e+00     0.0000000000e+00     1.0000000000e+00     5.0007260323e-02     0.0000000000e+00     4.9994762942e-02     1.0165252930e+00     9.8319699379e-01     5.0000000000e-01     5.0409018632e-02     4.9575879140e-02     2.4997381471e-02     9.9845931557e-01    -2.3732031026e-02     5.0157610207e-02     2.6229758020e-02     9.9841768729e-01    -4.9740541824e-02    -4.8897801101e-02     5.0979529325e-02     9.9750192613e-01     4.9994762942e-04    -1.0000000000e+00     0.0000000000e+00     1.0000124974e+00     9.5000523706e-01     1.0000000000e+00 
    5.2266265462e-02     1.0172694464e+00     9.8242703211e-01     5.0000000000e-01     5.2718903681e-02     5.1808339212e-02     2.6133132731e-02    -2.6348545992e-01     9.0834932574e-01    -3.2477209678e-01    -3.0847726687e-01    -3.9832928113e-01    -8.6381454006e-01    -9.1401159087e-01    -1.2741776260e-01     3.8515909120e-01     1.0005226627e+00     0.0000000000e+00     1.0000000000e+00     5.2279924275e-02     0.0000000000e+00     5.2266265462e-02     1.0172694464e+00     9.8242703211e-01     5.0000000000e-01     5.2718903681e-02     5.1808339212e-02     2.6133132731e-02     9.9831723438e-01    -2.4749458496e-02     5.2442004628e-02     2.7479131479e-02     9.9826967296e-01    -5.1986126801e-02    -5.1064634321e-02     5.3339707074e-02     9.9726991270e-01     5.2266265462e-04    -1.0000000000e+00     0.0000000000e+00     1.0000136588e+00     9.4773373454e-01     1.0000000000e+00 
    5.4537767983e-02     1.0180130166e+00     9.8165650720e-01     5.0000000000e-01     5.5030478414e-02     5.4039049673e-02     2.7268883991e-02    -2.6517516771e-01     9.0851345644e-01    -3.2293254697e-01    -3.0666453259e-01    -3.9699958692e-01    -8.6507120657e-01    -9.1413291970e-01    -1.3036344371e-01     3.8388328652e-01     1.0005453777e+00     0.0000000000e+00     1.0000000000e+00     5.4552639823e-02     0.0000000000e+00     5.4537767983e-02     1.0180130166e+00     9.8165650720e-01     5.0000000000e-01     5.5030478414e-02     5.4039049673e-02     2.7268883991e-02     9.9816899087e-01    -2.5761536467e-02     5.4726674589e-02     2.8733427534e-02     9.9811495815e-01    -5.4230254181e-02    -5.3226457847e-02     5.5703443028e-02     9.9702761778e-01     5.4537767983e-04    -1.0000000000e+00     0.0000000000e+00     1.0000148718e+00     9.4546223202e-01     1.0000000000e+00 
    5.6809270503e-02     1.0187560031e+00     9.8088541950e-01     5.0000000000e-01     5.7343741505e-02     5.6268009246e-02     2.8404635252e-02    -2.6686559649e-01     9.0866973677e-01    -3.2109509944e-01    -3.0485190194e-01    -3.9566268321e-01    -8.6632347250e-01    -9.1424727032e-01    -1.3330547847e-01     3.8259845546e-01     1.0005680927e+00     0.0000000000e+00     1.0000000000e+00     5.6825406969e-02     0.0000000000e+00     5.6809270503e-02     1.0187560031e+00     9.8088541950e-01     5.0000000000e-01     5.7343741505e-02     5.6268009246e-02     2.8404635252e-02     9.9801459829e-01    -2.6768257764e-02     5.7011595065e-02     2.9992634811e-02     9.9795353282e-01    -5.6472897764e-02    -5.5383241623e-02     5.8070704327e-02     9.9677504476e-01     5.6809270503e-04    -1.0000000000e+00     0.0000000000e+00     1.0000161365e+00     9.4319072950e-01     1.0000000000e+00 
    5.9082844415e-02     1.0194990823e+00     9.8011306553e-01     5.0000000000e-01     5.9660803410e-02     5.8497246851e-02     2.9541422207e-02    -2.6855827145e-01     9.0881830899e-01    -3.1925810262e-01    -3.0303773992e-01    -3.9431734867e-01    -8.6757245042e-01    -9.1435473587e-01    -1.3624650377e-01     3.8130343192e-01     1.0005908284e+00     0.0000000000e+00     1.0000000000e+00     5.9100298327e-02     0.0000000000e+00     5.9082844415e-02     1.0194990823e+00     9.8011306553e-01     5.0000000000e-01     5.9660803410e-02     5.8497246851e-02     2.9541422207e-02     9.9785392079e-01    -2.7770525997e-02     5.9298824986e-02     3.1257896826e-02     9.9778523065e-01    -5.8716074333e-02    -5.7536915497e-02     6.0443621540e-02     9.9651195275e-01     5.9082844415e-04    -1.0000000000e+00     0.0000000000e+00     1.0000174539e+00     9.4091715559e-01     1.0000000000e+00 
    6.1356418327e-02     1.0202415759e+00     9.7934014864e-01     5.0000000000e-01     6.1979554094e-02     6.0724727812e-02     3.0678209163e-02    -2.7025163414e-01     9.0895903757e-01    -3.1742325412e-01    -3.0122371737e-01    -3.9296480690e-01    -8.6881697303e-01    -9.1445520740e-01    -1.3918379415e-01     3.7999940147e-01     1.0006135642e+00     0.0000000000e+00     1.0000000000e+00     6.1375241377e-02     0.0000000000e+00     6.1356418327e-02     1.0202415759e+00     9.7934014864e-01     5.0000000000e-01     6.1979554094e-02     6.0724727812e-02     3.0678209163e-02     9.9768710977e-01    -2.8767413675e-02     6.1586255809e-02     3.2528055961e-02     9.9761018587e-01    -6.0957711830e-02    -5.9685480391e-02     6.2820004509e-02     9.9623857106e-01     6.1356418327e-04    -1.0000000000e+00     0.0000000000e+00     1.0000188231e+00     9.3864358167e-01     1.0000000000e+00 
    6.3629992238e-02     1.0209834836e+00     9.7856666926e-01     5.0000000000e-01     6.4299992227e-02     6.2950450850e-02     3.1814996119e-02    -2.7194566729e-01     9.0909193321e-01    -3.1559057499e-01    -2.9940985217e-01    -3.9160506580e-01    -8.7005701702e-01    -9.1454868349e-01    -1.4211730867e-01     3.7868638226e-01     1.0006362999e+00     0.0000000000e+00     1.0000000000e+00     6.3650236118e-02     0.0000000000e+00     6.3629992238e-02     1.0209834836e+00     9.7856666926e-01     5.0000000000e-01     6.4299992227e-02     6.2950450850e-02     3.1814996119e-02     9.9751417871e-01    -2.9758913875e-02     6.3873862537e-02     3.3803100546e-02     9.9742838866e-01    -6.3197783934e-02    -6.1828906379e-02     6.5199820135e-02     9.9595490349e-01     6.3629992238e-04    -1.0000000000e+00     0.0000000000e+00     1.0000202439e+00     9.3637000776e-01     1.0000000000e+00 
    6.5903566150e-02     1.0217248049e+00     9.7779262784e-01     5.0000000000e-01     6.6622116475e-02     6.5174414687e-02     3.2951783075e-02    -2.7364035363e-01     9.0921700665e-01    -3.1376008618e-01    -2.9759616220e-01    -3.9023813335e-01    -8.7129255909e-01    -9.1463516285e-01    -1.4504700649e-01     3.7736439259e-01     1.0006590357e+00     0.0000000000e+00     1.0000000000e+00     6.5925282550e-02     0.0000000000e+00     6.5903566150e-02     1.0217248049e+00     9.7779262784e-01     5.0000000000e-01     6.6622116475e-02     6.5174414687e-02     3.2951783075e-02     9.9733514115e-01    -3.0745019764e-02     6.6161620213e-02     3.5083018822e-02     9.9723982928e-01    -6.5436264313e-02    -6.3967163607e-02     6.7583035272e-02     9.9566095400e-01     6.5903566150e-04    -1.0000000000e+00     0.0000000000e+00     1.0000217164e+00     9.3409643385e-01     1.0000000000e+00 
    6.8179326178e-02     1.0224662513e+00     9.7701727976e-01     5.0000000000e-01     6.8948160734e-02     6.7398753918e-02     3.4089663089e-02    -2.7533730633e-01     9.0933437777e-01    -3.1193005169e-01    -2.9578092173e-01    -3.8886269296e-01    -8.7252475745e-01    -9.1471471732e-01    -1.4797565821e-01     3.7603216683e-01     1.0006817933e+00     0.0000000000e+00     1.0000000000e+00     6.8202568280e-02     0.0000000000e+00     6.8179326178e-02     1.0224662513e+00     9.7701727976e-01     5.0000000000e-01     6.8948160734e-02     6.7398753918e-02     3.4089663089e-02     9.9714982975e-01    -3.1726664978e-02     6.8451703840e-02     3.6369036636e-02     9.9704430699e-01    -6.7675276648e-02    -6.6102270788e-02     6.9971913112e-02     9.9535642921e-01     6.8179326178e-04    -1.0000000000e+00     0.0000000000e+00     1.0000232421e+00     9.3182067382e-01     1.0000000000e+00 
    7.0455086205e-02     1.0232071093e+00     9.7624136944e-01     5.0000000000e-01     7.1275891677e-02     6.9621328003e-02     3.5227543103e-02    -2.7703487892e-01     9.0944393351e-01    -3.1010225355e-01    -2.9396589275e-01    -3.8748006378e-01    -8.7375239861e-01    -9.1478725929e-01    -1.5090040414e-01     3.7469099038e-01     1.0007045509e+00     0.0000000000e+00     1.0000000000e+00     7.0479905801e-02     0.0000000000e+00     7.0455086205e-02     1.0232071093e+00     9.7624136944e-01     5.0000000000e-01     7.1275891677e-02     6.9621328003e-02     3.5227543103e-02     9.9695842743e-01    -3.2702892073e-02     7.0741888773e-02     3.7659913679e-02     9.9684199023e-01    -6.9912641359e-02    -6.8232139632e-02     7.2364130411e-02     9.9504161107e-01     7.0455086205e-04    -1.0000000000e+00     0.0000000000e+00     1.0000248196e+00     9.2954491379e-01     1.0000000000e+00 
    7.2730846233e-02     1.0239473786e+00     9.7546489734e-01     5.0000000000e-01     7.3605307966e-02     7.1842135663e-02     3.6365423116e-02    -2.7873305414e-01     9.0954568495e-01    -3.0827671257e-01    -2.9215109327e-01    -3.8609025415e-01    -8.7497545928e-01    -9.1485278774e-01    -1.5382120346e-01     3.7334088196e-01     1.0007273085e+00     0.0000000000e+00     1.0000000000e+00     7.2757295112e-02     0.0000000000e+00     7.2730846233e-02     1.0239473786e+00     9.7546489734e-01     5.0000000000e-01     7.3605307966e-02     7.1842135663e-02     3.6365423116e-02     9.9676094795e-01    -3.3673694467e-02     7.3032150087e-02     3.8955637891e-02     9.9663286945e-01    -7.2148331995e-02    -7.0356740416e-02     7.4759653785e-02     9.9471650396e-01     7.2730846233e-04    -1.0000000000e+00     0.0000000000e+00     1.0000264489e+00     9.2726915377e-01     1.0000000000e+00 
    7.5006606260e-02     1.0246870585e+00     9.7468786391e-01     5.0000000000e-01     7.5936408259e-02     7.4061175620e-02     3.7503303130e-02    -2.8043181475e-01     9.0963964325e-01    -3.0645344950e-01    -2.9033654131e-01    -3.8469327257e-01    -8.7619391622e-01    -9.1491130174e-01    -1.5673801540e-01     3.7198186041e-01     1.0007500661e+00     0.0000000000e+00     1.0000000000e+00     7.5034736215e-02     0.0000000000e+00     7.5006606260e-02     1.0246870585e+00     9.7468786391e-01     5.0000000000e-01     7.5936408259e-02     7.4061175620e-02     3.7503303130e-02     9.9655740513e-01    -3.4639065667e-02     7.5322462897e-02     4.0256197124e-02     9.9641693520e-01    -7.4382322092e-02    -7.2476043492e-02     7.7158449806e-02     9.9438111242e-01     7.5006606260e-04    -1.0000000000e+00     0.0000000000e+00     1.0000281300e+00     9.2499339374e-01     1.0000000000e+00 
    7.7284668957e-02     1.0254268964e+00     9.7390948252e-01     5.0000000000e-01     7.8271552434e-02     7.6280689190e-02     3.8642334478e-02    -2.8213286321e-01     9.0972590291e-01    -3.0463064368e-01    -2.8852041930e-01    -3.8328770325e-01    -8.7740897202e-01    -9.1496284905e-01    -1.5965374444e-01     3.7061255611e-01     1.0007728467e+00     0.0000000000e+00     1.0000000000e+00     7.7314533557e-02     0.0000000000e+00     7.7284668957e-02     1.0254268964e+00     9.7390948252e-01     5.0000000000e-01     7.8271552434e-02     7.6280689190e-02     3.8642334478e-02     9.9634759772e-01    -3.5599967800e-02     7.7615119777e-02     4.1562902398e-02     9.9619394925e-01    -7.6616842950e-02    -7.4592155550e-02     7.9562917066e-02     9.9403508618e-01     7.7284668957e-04    -1.0000000000e+00     0.0000000000e+00     1.0000298646e+00     9.2271533104e-01     1.0000000000e+00 
    7.9562731653e-02     1.0261661430e+00     9.7313053956e-01     5.0000000000e-01     8.0608381332e-02     7.8498428918e-02     3.9781365827e-02    -2.8383446370e-01     9.0980437630e-01    -3.0281016178e-01    -2.8670458150e-01    -3.8187496479e-01    -8.7861936822e-01    -9.1500736618e-01    -1.6256539647e-01     3.6923435878e-01     1.0007956273e+00     0.0000000000e+00     1.0000000000e+00     7.9594382795e-02     0.0000000000e+00     7.9562731653e-02     1.0261661430e+00     9.7313053956e-01     5.0000000000e-01     8.0608381332e-02     7.8498428918e-02     3.9781365827e-02     9.9613174258e-01    -3.6555414996e-02     7.9907778467e-02     4.2874427860e-02     9.9596411730e-01    -7.8849606727e-02    -7.6702899950e-02     8.1970596434e-02     9.9367876422e-01     7.9562731653e-04    -1.0000000000e+00     0.0000000000e+00     1.0000316511e+00     9.2043726835e-01     1.0000000000e+00 
    8.1840794350e-02     1.0269047978e+00     9.7235103546e-01     5.0000000000e-01     8.2946893606e-02     8.0714393526e-02     4.0920397175e-02    -2.8553659897e-01     9.0987507489e-01    -3.0099202440e-01    -2.8488904603e-01    -3.8045506604e-01    -8.7982508158e-01    -9.1504485251e-01    -1.6547293079e-01     3.6784728771e-01     1.0008184079e+00     0.0000000000e+00     1.0000000000e+00     8.1874283928e-02     0.0000000000e+00     8.1840794350e-02     1.0269047978e+00     9.7235103546e-01     5.0000000000e-01     8.2946893606e-02     8.0714393526e-02     4.0920397175e-02     9.9590985376e-01    -3.7505401014e-02     8.2200414116e-02     4.4190761057e-02     9.9572743011e-01    -8.1080586844e-02    -7.8808247178e-02     8.4381454245e-02     9.9331215152e-01     8.1840794350e-04    -1.0000000000e+00     0.0000000000e+00     1.0000334896e+00     9.1815920565e-01     1.0000000000e+00 
    8.4118857047e-02     1.0276428606e+00     9.7157097070e-01     5.0000000000e-01     8.5287087908e-02     8.2928581736e-02     4.2059428523e-02    -2.8723925177e-01     9.0993801022e-01    -2.9917625206e-01    -2.8307383104e-01    -3.7902801597e-01    -8.8102608888e-01    -9.1507530751e-01    -1.6837630673e-01     3.6645136227e-01     1.0008411886e+00     0.0000000000e+00     1.0000000000e+00     8.4154236957e-02     0.0000000000e+00     8.4118857047e-02     1.0276428606e+00     9.7157097070e-01     5.0000000000e-01     8.5287087908e-02     8.2928581736e-02     4.2059428523e-02     9.9568194535e-01    -3.8449919702e-02     8.4493001913e-02     4.5511889452e-02     9.9548387850e-01    -8.3309756707e-02    -8.0908167795e-02     8.6795456787e-02     9.9293525321e-01     8.4118857047e-04    -1.0000000000e+00     0.0000000000e+00     1.0000353799e+00     9.1588114295e-01     1.0000000000e+00 
    8.6399341048e-02     1.0283811143e+00     9.7078951570e-01     5.0000000000e-01     8.7631452912e-02     8.5143342850e-02     4.3199670524e-02    -2.8894421540e-01     9.0999324848e-01    -2.9736093911e-01    -2.8125702590e-01    -3.7759229547e-01    -8.8222363592e-01    -9.1509875192e-01    -1.7127856293e-01     3.6504510422e-01     1.0008639934e+00     0.0000000000e+00     1.0000000000e+00     8.6436665279e-02     0.0000000000e+00     8.6399341048e-02     1.0283811143e+00     9.7078951570e-01     5.0000000000e-01     8.7631452912e-02     8.5143342850e-02     4.3199670524e-02     9.9544777971e-01    -3.9389960178e-02     8.6787953701e-02     4.6839212237e-02     9.9523318355e-01    -8.5539456112e-02    -8.3004855686e-02     8.9215141048e-02     9.9254765757e-01     8.6399341048e-04    -1.0000000000e+00     0.0000000000e+00     1.0000373242e+00     9.1360065895e-01     1.0000000000e+00 
    8.8679825050e-02     1.0291187737e+00     9.7000749973e-01     5.0000000000e-01     8.9977500813e-02     8.7356321228e-02     4.4339912525e-02    -2.9064966315e-01     9.1004073042e-01    -2.9554803720e-01    -2.7944057838e-01    -3.7614942675e-01    -8.8341642044e-01    -9.1511514929e-01    -1.7417657057e-01     3.6363001224e-01     1.0008867983e+00     0.0000000000e+00     1.0000000000e+00     8.8719145606e-02     0.0000000000e+00     8.8679825050e-02     1.0291187737e+00     9.7000749973e-01     5.0000000000e-01     8.9977500813e-02     8.7356321228e-02     4.4339912525e-02     9.9520761013e-01    -4.0324509632e-02     8.9082807894e-02     4.8171315004e-02     9.9497559144e-01    -8.7767288056e-02    -8.5096046619e-02     9.1637908995e-02     9.9214976515e-01     8.8679825050e-04    -1.0000000000e+00     0.0000000000e+00     1.0000393206e+00     9.1132017495e-01     1.0000000000e+00 
    9.0960309051e-02     1.0298558385e+00     9.6922492325e-01     5.0000000000e-01     9.2325230258e-02     8.9567515593e-02     4.5480154526e-02    -2.9235557778e-01     9.1008046789e-01    -2.9373756674e-01    -2.7762450673e-01    -3.7469941916e-01    -8.8460441924e-01    -9.1512449940e-01    -1.7707028902e-01     3.6220610616e-01     1.0009096031e+00     0.0000000000e+00     1.0000000000e+00     9.1001677940e-02     0.0000000000e+00     9.0960309051e-02     1.0298558385e+00     9.6922492325e-01     5.0000000000e-01     9.2325230258e-02     8.9567515593e-02     4.5480154526e-02     9.9496145093e-01    -4.1253562166e-02     9.1377539716e-02     4.9508184907e-02     9.9471109320e-01    -8.9993225830e-02    -8.7181711289e-02     9.4063726678e-02     9.9174158153e-01     9.0960309051e-04    -1.0000000000e+00     0.0000000000e+00     1.0000413689e+00     9.0903969095e-01     1.0000000000e+00 
